PDEW 2015/08/23 23:10:03.9 -29.67  -71.43  33.9 0.0 5.5 NEAR COAST OF CENTRAL CH
C201508232310A   B: 77  140  40 S: 84  152  50 M:  0    0   0 CMT: 1 TRIHD:  1.7
CENTROID:      6.4 0.2 -29.58 0.01  -71.55 0.01  47.2  0.6 FREE Q-20150824104527
24  3.630 0.069 -0.175 0.051 -3.450 0.066 -0.825 0.049 -1.000 0.075 -2.130 0.043
V10   3.851 80 150   0.845  6  28  -4.691  9 297   4.271  20 37   81 212 54   97
PDEQ 2015/09/16 22:54:33.2 -31.57  -71.65  25.0 0.0 8.3 NEAR COAST OF CENTRAL CH
C201509162254A   B:140  355  50 S:125  297  50 M:155  436 200 CMT: 1 TRIHD: 32.1
CENTROID:     47.9 0.1 -31.22 0.01  -72.27 0.01  17.8  0.3 FREE Q-20150916225317
28  1.950 0.007 -0.049 0.004 -1.900 0.005  0.531 0.049 -2.040 0.058  0.079 0.002
V10   2.901 66  68  -0.090  6 171  -2.809 24 264   2.855   5 22  106 169 69   84
PDEQ 2015/09/17 04:10:30.6 -31.54  -71.71  30.1 0.0 6.7 NEAR COAST OF CENTRAL CH
C201509170410A   B: 72   95  50 S:141  253  50 M:  0    0   0 CMT: 1 TRIHD:  5.8
CENTROID:      5.3 0.2 -31.67 0.01  -72.01 0.02  38.0  0.5 FREE Q-20150917094513
26  1.590 0.046 -0.200 0.025 -1.390 0.028  0.158 0.020 -0.918 0.028  0.047 0.012
V10   1.859 74  76  -0.204  3 176  -1.656 16 266   1.758   1 29   96 174 61   87
PDEQ 2015/09/17 12:14:34.7 -32.95  -71.53  10.0 0.0 5.3 NEAR COAST OF CENTRAL CH
C201509171214A   B: 65   78  40 S:120  200  50 M:  0    0   0 CMT: 1 TRIHD:  2.1
CENTROID:     11.3 0.2 -32.33 0.02  -72.42 0.02  20.5  0.8 FREE Q-20150917211052
24  6.200 0.236 -0.945 0.123 -5.260 0.157  1.230 0.254 -5.530 0.313  0.741 0.077
V10   8.513 68  76  -0.828  1 169  -7.690 22 259   8.101 352 23   93 168 67   89
PDEQ 2015/09/17 13:32:26.1 -32.13  -72.00  10.0 0.0 5.4 NEAR COAST OF CENTRAL CH
C201509171332A   B:102  155  40 S:138  271  50 M:  0    0   0 CMT: 1 TRIHD:  2.3
CENTROID:      8.3 0.1 -32.30 0.01  -72.33 0.01  17.6  0.5 FREE Q-20150917205614
25  0.722 0.015 -0.026 0.008 -0.696 0.012  0.048 0.024 -0.802 0.035 -0.001 0.006
V10   1.085 66  85  -0.027  2 178  -1.058 24 269   1.071   2 21   95 178 69   88
PDEQ 2015/09/18 09:10:44.8 -32.41  -72.24   8.6 0.0 6.3 OFF COAST OF CENTRAL CHI
C201509180910A   B:140  305  40 S:143  312  50 M: 58   77 125 CMT: 1 TRIHD:  2.9
CENTROID:      7.5 0.1 -32.37 0.01  -72.34 0.00  12.0  0.0 FIX  Q-20150918080430
25  1.230 0.009  0.079 0.007 -1.310 0.010  0.078 0.021 -1.660 0.023  0.128 0.007
V10   2.050 64  89   0.089  1 356  -2.140 26 266   2.095 352 19   86 177 71   91
PDEQ 2015/09/18 08:18:18.3 -32.22  -72.37  10.0 0.0 5.1 OFF COAST OF CENTRAL CHI
C201509180818A   B: 87  135  40 S:135  248  50 M:  0    0   0 CMT: 1 TRIHD:  1.3
CENTROID:      4.6 0.1 -32.35 0.01  -72.65 0.01  12.0  0.0 FIX  Q-20150918084536
24  1.260 0.016 -0.052 0.012 -1.210 0.016  0.237 0.042 -1.550 0.042  0.135 0.012
V10   2.019 64  80  -0.037  1 172  -1.983 26 263   2.001 355 19   93 172 71   89
PDEQ 2015/09/19 05:06:47.1 -29.66  -72.12  10.0 0.0 5.8 OFF COAST OF CENTRAL CHI
C201509190506A   B:100  196  40 S:106  243  50 M: 92  124 125 CMT: 1 TRIHD:  2.4
CENTROID:      4.9 0.1 -29.77 0.01  -72.33 0.00  12.0  0.0 FIX  Q-20150919085500
25  0.923 0.006 -0.046 0.005 -0.877 0.006  0.046 0.016 -0.714 0.016  0.048 0.005
V10   1.172 71  86  -0.043  0 177  -1.129 19 267   1.151 357 26   90 176 64   90
PDEQ 2015/09/19 09:07:08.7 -31.11  -71.61  23.2 0.0 6.1 NEAR COAST OF CENTRAL CH
C201509190907A   B:101  194  40 S: 95  191  50 M: 41   45 125 CMT: 1 TRIHD:  1.9
CENTROID:      4.6 0.1 -31.24 0.01  -71.96 0.01  37.1  0.4 FREE Q-20150919140645
24  4.610 0.062  0.384 0.043 -5.000 0.054  0.499 0.049 -3.310 0.077  0.712 0.037
V10   5.653 73  80   0.476  1 172  -6.135 17 262   5.894 353 28   91 172 62   89
PDEQ 2015/09/19 12:52:19.8 -32.33  -72.09  10.6 0.0 6.2 OFF COAST OF CENTRAL CHI
C201509191252A   B:107  239  40 S:107  248  50 M: 98  157 125 CMT: 1 TRIHD:  3.3
CENTROID:      7.0 0.1 -32.41 0.01  -72.12 0.01  18.2  0.3 FREE Q-20150919132627
25  1.790 0.015  0.127 0.010 -1.910 0.014  0.179 0.026 -2.310 0.048 -0.072 0.009
V10   2.913 64  81   0.114  3 178  -3.020 26 270   2.966   8 20  100 177 71   86
PDEQ 2015/09/19 13:08:58.0 -30.57  -72.17  14.1 0.0 5.6 OFF COAST OF CENTRAL CHI
C201509191308A   B: 12   16  40 S: 86  140  50 M: 13   13 125 CMT: 1 TRIHD:  1.5
CENTROID:      6.4 0.2 -30.72 0.02  -72.23 0.02  22.7  0.9 FREE Q-20150919134727
24  2.350 0.117  0.089 0.055 -2.440 0.078  0.362 0.079 -1.870 0.122  0.165 0.034
V10   3.022 70  73   0.084  4 173  -3.107 19 265   3.065   1 26   99 172 64   86
